row=10 col=10
10000	10000	10000	10000	10000	10000	10000	10000	10000	10000	
10000	10000	10000	10000	10000	10000	10000	10000	10000	10000	
10000	10000	10000	10000	10000	10000	10000	10000	10000	10000	
10000	10000	10000	10000	10000	10000	10000	10000	10000	10000	
10000	10000	10000	10000	10000	10000	10000	10000	10000	10000	
10000	10000	10000	10000	10000	10000	10000	10000	10000	10000	
10000	10000	10000	10000	10000	10000	10000	10000	10000	10000	
10000	10000	10000	10000	10000	10000	10000	10000	10000	10000	
10000	10000	10000	10000	10000	10000	10000	10000	10000	10000	
10000	10000	10000	10000	10000	10000	10000	10000	10000	10000	
